Test Accuracy: 38.98%, Test Loss: 2.287120768737793
              precision    recall  f1-score   support

           0       0.92      0.09      0.17       492
           1       1.00      0.51      0.68       486
           2       0.57      0.63      0.60       516
           3       0.76      0.58      0.65       528
           4       0.56      0.32      0.41       496
           5       0.00      0.00      0.00       510
           6       0.27      0.81      0.41       476
           7       0.00      0.00      0.00       491
           8       0.23      0.96      0.38       495
           9       1.00      0.01      0.02       510

    accuracy                           0.39      5000
   macro avg       0.53      0.39      0.33      5000
weighted avg       0.53      0.39      0.33      5000
