Test Accuracy: 61.04%, Test Loss: 1.1035052450180054
              precision    recall  f1-score   support

           0       0.64      0.69      0.66       514
           1       0.99      0.80      0.88       486
           2       0.62      0.39      0.47       511
           3       0.78      0.59      0.67       480
           4       0.72      0.35      0.47       507
           5       0.93      0.42      0.58       502
           6       0.34      0.54      0.42       501
           7       0.94      0.40      0.56       496
           8       0.43      0.97      0.60       492
           9       0.63      0.97      0.77       511

    accuracy                           0.61      5000
   macro avg       0.70      0.61      0.61      5000
weighted avg       0.70      0.61      0.61      5000
