Test Accuracy: 70.90%, Test Loss: 0.9113873123168945
              precision    recall  f1-score   support

           0       0.75      0.72      0.74       514
           1       0.98      0.91      0.94       486
           2       0.69      0.51      0.58       511
           3       0.86      0.72      0.78       480
           4       0.69      0.54      0.61       507
           5       0.96      0.59      0.73       502
           6       0.42      0.57      0.48       501
           7       0.93      0.57      0.71       496
           8       0.56      0.98      0.71       492
           9       0.71      0.99      0.82       511

    accuracy                           0.71      5000
   macro avg       0.75      0.71      0.71      5000
weighted avg       0.75      0.71      0.71      5000
