Test Accuracy: 18.47%, Test Loss: 5.253069416446451
              precision    recall  f1-score   support

           0       0.14      0.72      0.24       426
           1       0.00      0.00      0.00       454
           2       0.15      0.15      0.15       477
           3       0.10      0.02      0.03       382
           4       1.00      0.02      0.03       383
           5       0.00      0.00      0.00       288
           6       0.22      0.70      0.33       364
           7       0.61      0.23      0.34       442
           8       0.00      0.00      0.00       379
           9       0.00      0.00      0.00       455

    accuracy                           0.18      4050
   macro avg       0.22      0.18      0.11      4050
weighted avg       0.22      0.18      0.11      4050
