Test Accuracy: 12.99%, Test Loss: 11.579461698178891
              precision    recall  f1-score   support

           0       0.00      0.00      0.00       426
           1       0.00      0.00      0.00       454
           2       0.08      0.18      0.11       477
           3       0.00      0.00      0.00       382
           4       0.00      0.00      0.00       383
           5       0.00      0.00      0.00       288
           6       0.02      0.01      0.02       364
           7       0.16      0.98      0.28       442
           8       0.00      0.00      0.00       379
           9       0.00      0.00      0.00       455

    accuracy                           0.13      4050
   macro avg       0.03      0.12      0.04      4050
weighted avg       0.03      0.13      0.04      4050
