Test Accuracy: 10.59%, Test Loss: 10.911990374812373
              precision    recall  f1-score   support

           0       0.00      0.00      0.00       418
           1       0.00      0.00      0.00       480
           2       0.00      0.00      0.00       450
           3       0.00      0.00      0.00       407
           4       0.00      0.00      0.00       392
           5       0.00      0.00      0.00       283
           6       0.00      0.00      0.00       386
           7       0.11      1.00      0.19       429
           8       0.00      0.00      0.00       357
           9       0.00      0.00      0.00       448

    accuracy                           0.11      4050
   macro avg       0.01      0.10      0.02      4050
weighted avg       0.01      0.11      0.02      4050
