Test Accuracy: 12.86%, Test Loss: 9.004745141488534
              precision    recall  f1-score   support

           0       0.01      0.02      0.02       445
           1       0.00      0.00      0.00       457
           2       0.13      0.72      0.21       440
           3       0.25      0.03      0.05       382
           4       0.00      0.00      0.00       357
           5       0.00      0.00      0.00       299
           6       0.10      0.04      0.06       406
           7       0.22      0.35      0.27       467
           8       0.00      0.00      0.00       348
           9       0.00      0.00      0.00       449

    accuracy                           0.13      4050
   macro avg       0.07      0.12      0.06      4050
weighted avg       0.07      0.13      0.07      4050
