Test Accuracy: 82.64%, Test Loss: 0.5930865158081055
              precision    recall  f1-score   support

           0       0.82      0.74      0.78       517
           1       0.99      0.97      0.98       481
           2       0.68      0.80      0.73       512
           3       0.89      0.83      0.86       498
           4       0.90      0.54      0.68       486
           5       0.98      0.83      0.90       506
           6       0.50      0.75      0.60       493
           7       0.88      0.95      0.91       505
           8       0.96      0.92      0.94       484
           9       0.91      0.94      0.92       518

    accuracy                           0.83      5000
   macro avg       0.85      0.83      0.83      5000
weighted avg       0.85      0.83      0.83      5000
Test Accuracy: 75.98%, Test Loss: 0.7816738966941833
              precision    recall  f1-score   support

           0       0.76      0.71      0.73       497
           1       0.99      0.94      0.96       518
           2       0.59      0.72      0.65       518
           3       0.85      0.83      0.84       484
           4       0.64      0.09      0.16       503
           5       0.96      0.84      0.90       509
           6       0.39      0.68      0.50       500
           7       0.87      0.94      0.91       497
           8       0.85      0.95      0.90       477
           9       0.94      0.91      0.93       497

    accuracy                           0.76      5000
   macro avg       0.78      0.76      0.75      5000
weighted avg       0.78      0.76      0.75      5000
