Test Accuracy: 73.66%, Test Loss: 0.7848037183761597
              precision    recall  f1-score   support

           0       0.75      0.64      0.69       517
           1       0.99      0.91      0.95       481
           2       0.57      0.67      0.62       512
           3       0.81      0.79      0.80       498
           4       0.79      0.39      0.52       486
           5       0.87      0.76      0.81       506
           6       0.41      0.64      0.50       493
           7       0.77      0.84      0.80       505
           8       0.79      0.90      0.84       484
           9       0.92      0.83      0.87       518

    accuracy                           0.74      5000
   macro avg       0.77      0.74      0.74      5000
weighted avg       0.77      0.74      0.74      5000
