Test Accuracy: 59.18%, Test Loss: 1.107568203830719
              precision    recall  f1-score   support

           0       0.66      0.55      0.60       469
           1       0.99      0.76      0.86       515
           2       0.47      0.62      0.53       524
           3       0.35      0.90      0.51       491
           4       0.44      0.10      0.16       486
           5       1.00      0.19      0.32       518
           6       0.45      0.40      0.43       503
           7       0.57      0.84      0.68       494
           8       0.86      0.75      0.80       509
           9       0.90      0.81      0.85       491

    accuracy                           0.59      5000
   macro avg       0.67      0.59      0.57      5000
weighted avg       0.67      0.59      0.57      5000
