Test Accuracy: 23.70%, Test Loss: 3.114467713165283
              precision    recall  f1-score   support

           0       0.33      0.00      0.01       469
           1       0.84      0.34      0.48       515
           2       0.53      0.02      0.03       524
           3       0.16      0.86      0.27       491
           4       0.47      0.05      0.09       486
           5       0.00      0.00      0.00       518
           6       0.20      0.61      0.30       503
           7       0.00      0.00      0.00       494
           8       0.47      0.48      0.47       509
           9       0.00      0.00      0.00       491

    accuracy                           0.24      5000
   macro avg       0.30      0.24      0.17      5000
weighted avg       0.30      0.24      0.17      5000
