Test Accuracy: 65.28%, Test Loss: 1.0169694425582885
              precision    recall  f1-score   support

           0       0.66      0.81      0.72       469
           1       1.00      0.72      0.84       515
           2       0.45      0.86      0.59       524
           3       0.54      0.90      0.67       491
           4       0.64      0.05      0.10       486
           5       0.99      0.26      0.41       518
           6       0.60      0.38      0.47       503
           7       0.55      0.99      0.70       494
           8       0.98      0.72      0.83       509
           9       0.88      0.85      0.87       491

    accuracy                           0.65      5000
   macro avg       0.73      0.65      0.62      5000
weighted avg       0.73      0.65      0.62      5000
