              precision    recall  f1-score   support

           0       0.82      0.84      0.83       493
           1       1.00      0.96      0.98       483
           2       0.81      0.83      0.82       505
           3       0.88      0.90      0.89       490
           4       0.82      0.81      0.82       495
           5       0.99      0.95      0.97       479
           6       0.70      0.68      0.69       527
           7       0.92      0.95      0.94       516
           8       0.97      0.98      0.97       518
           9       0.95      0.95      0.95       494

    accuracy                           0.88      5000
   macro avg       0.88      0.88      0.88      5000
weighted avg       0.88      0.88      0.88      5000
