Test Accuracy: 80.30%, Test Loss: 0.6430643980026245
              precision    recall  f1-score   support

           0       0.80      0.71      0.75       517
           1       0.98      0.95      0.97       481
           2       0.64      0.74      0.68       512
           3       0.87      0.81      0.84       498
           4       0.88      0.52      0.65       486
           5       0.94      0.83      0.88       506
           6       0.47      0.71      0.57       493
           7       0.85      0.92      0.88       505
           8       0.92      0.93      0.93       484
           9       0.93      0.90      0.91       518

    accuracy                           0.80      5000
   macro avg       0.83      0.80      0.81      5000
weighted avg       0.83      0.80      0.81      5000
