Test Accuracy: 83.32%, Test Loss: 0.591473390007019
              precision    recall  f1-score   support

           0       0.83      0.77      0.80       513
           1       0.99      0.96      0.97       511
           2       0.66      0.83      0.73       495
           3       0.86      0.84      0.85       484
           4       0.86      0.51      0.64       513
           5       0.99      0.84      0.91       500
           6       0.53      0.74      0.62       502
           7       0.93      0.95      0.94       511
           8       0.96      0.92      0.94       476
           9       0.93      0.97      0.95       495

    accuracy                           0.83      5000
   macro avg       0.85      0.83      0.84      5000
weighted avg       0.85      0.83      0.84      5000
Test Accuracy: 83.68%, Test Loss: 0.589301003742218
              precision    recall  f1-score   support

           0       0.84      0.76      0.80       517
           1       0.99      0.97      0.98       481
           2       0.68      0.83      0.75       512
           3       0.91      0.85      0.88       498
           4       0.89      0.56      0.68       486
           5       0.99      0.83      0.90       506
           6       0.53      0.76      0.62       493
           7       0.90      0.95      0.92       505
           8       0.96      0.91      0.94       484
           9       0.92      0.95      0.93       518

    accuracy                           0.84      5000
   macro avg       0.86      0.84      0.84      5000
weighted avg       0.86      0.84      0.84      5000
