Test Accuracy: 17.21%, Test Loss: 9.224234869568436
              precision    recall  f1-score   support

           0       0.13      0.83      0.22       442
           1       0.00      0.00      0.00       465
           2       0.21      0.22      0.22       449
           3       0.05      0.01      0.01       354
           4       0.00      0.00      0.00       379
           5       0.00      0.00      0.00       285
           6       0.28      0.42      0.33       362
           7       1.00      0.06      0.11       448
           8       0.00      0.00      0.00       400
           9       0.62      0.10      0.17       466

    accuracy                           0.17      4050
   macro avg       0.23      0.16      0.11      4050
weighted avg       0.25      0.17      0.11      4050
