Test Accuracy: 13.48%, Test Loss: 10.433827136946313
              precision    recall  f1-score   support

           0       0.00      0.00      0.00       442
           1       0.00      0.00      0.00       465
           2       0.11      0.63      0.18       449
           3       0.00      0.00      0.00       354
           4       0.00      0.00      0.00       379
           5       0.00      0.00      0.00       285
           6       0.00      0.00      0.00       362
           7       0.20      0.59      0.30       448
           8       0.00      0.00      0.00       400
           9       0.00      0.00      0.00       466

    accuracy                           0.13      4050
   macro avg       0.03      0.12      0.05      4050
weighted avg       0.03      0.13      0.05      4050
