Test Accuracy: 11.52%, Test Loss: 88.76208430175781
              precision    recall  f1-score   support

           0       0.13      0.57      0.21       497
           1       1.00      0.00      0.00       490
           2       0.00      0.00      0.00       534
           3       0.00      0.00      0.00       508
           4       0.04      0.05      0.05       501
           5       0.16      0.07      0.10       512
           6       0.11      0.30      0.16       505
           7       0.00      0.00      0.00       466
           8       0.17      0.14      0.15       498
           9       0.12      0.02      0.04       489

    accuracy                           0.12      5000
   macro avg       0.17      0.12      0.07      5000
weighted avg       0.17      0.12      0.07      5000
