Test Accuracy: 55.59%, Test Loss: 1.354634143819674
              precision    recall  f1-score   support

           0       0.63      0.51      0.56       880
           1       0.66      0.62      0.64      2500
           2       0.63      0.63      0.63      2078
           3       0.40      0.59      0.48      1445
           4       0.64      0.48      0.55      1273
           5       0.53      0.60      0.56      1175
           6       0.55      0.44      0.49      1024
           7       0.77      0.46      0.57      1006
           8       0.36      0.53      0.43       863
           9       0.52      0.50      0.51       772

    accuracy                           0.56     13016
   macro avg       0.57      0.54      0.54     13016
weighted avg       0.58      0.56      0.56     13016
