Test Accuracy: 24.84%, Test Loss: 2.828489754486084
              precision    recall  f1-score   support

           0       0.35      0.18      0.24       508
           1       0.96      0.53      0.68       477
           2       0.20      0.23      0.21       522
           3       0.61      0.31      0.41       501
           4       0.33      0.04      0.07       482
           5       0.20      0.02      0.04       511
           6       0.40      0.19      0.26       503
           7       0.00      0.00      0.00       491
           8       0.15      0.97      0.26       500
           9       0.67      0.04      0.07       505

    accuracy                           0.25      5000
   macro avg       0.38      0.25      0.22      5000
weighted avg       0.38      0.25      0.22      5000
