Test Accuracy: 10.14%, Test Loss: 2.3045983558654783
              precision    recall  f1-score   support

           0       0.00      0.00      0.00       527
           1       0.00      0.00      0.00       496
           2       0.00      0.00      0.00       507
           3       0.10      0.06      0.07       503
           4       0.00      0.00      0.00       477
           5       0.00      0.00      0.00       508
           6       0.10      0.98      0.18       489
           7       0.00      0.00      0.00       490
           8       0.00      0.00      0.00       501
           9       0.00      0.00      0.00       502

    accuracy                           0.10      5000
   macro avg       0.02      0.10      0.03      5000
weighted avg       0.02      0.10      0.03      5000
