Test Accuracy: 13.46%, Test Loss: 3.883264446640015
              precision    recall  f1-score   support

           0       0.43      0.02      0.04       487
           1       1.00      0.00      0.00       498
           2       0.10      0.07      0.08       505
           3       0.15      0.05      0.08       464
           4       0.10      0.33      0.16       534
           5       0.23      0.01      0.03       483
           6       0.15      0.80      0.25       511
           7       0.26      0.01      0.02       489
           8       0.23      0.02      0.03       494
           9       0.50      0.00      0.00       535

    accuracy                           0.13      5000
   macro avg       0.31      0.13      0.07      5000
weighted avg       0.32      0.13      0.07      5000
