Test Accuracy: 19.16%, Test Loss: 3.098599225616455
              precision    recall  f1-score   support

           0       0.23      0.09      0.13       508
           1       0.85      0.36      0.51       477
           2       0.16      0.20      0.18       522
           3       0.31      0.16      0.21       501
           4       0.13      0.03      0.05       482
           5       0.16      0.03      0.04       511
           6       0.18      0.12      0.15       503
           7       1.00      0.00      0.00       491
           8       0.15      0.91      0.25       500
           9       0.43      0.01      0.02       505

    accuracy                           0.19      5000
   macro avg       0.36      0.19      0.16      5000
weighted avg       0.36      0.19      0.15      5000
