Test Accuracy: 26.92%, Test Loss: 2.7816949630737304
              precision    recall  f1-score   support

           0       0.42      0.24      0.31       508
           1       0.96      0.57      0.72       477
           2       0.24      0.29      0.26       522
           3       0.78      0.31      0.44       501
           4       0.44      0.04      0.08       482
           5       0.45      0.04      0.08       511
           6       0.47      0.19      0.27       503
           7       0.00      0.00      0.00       491
           8       0.15      0.97      0.26       500
           9       0.72      0.04      0.08       505

    accuracy                           0.27      5000
   macro avg       0.46      0.27      0.25      5000
weighted avg       0.46      0.27      0.25      5000
