Test Accuracy: 19.26%, Test Loss: 2.905692760467529
              precision    recall  f1-score   support

           0       0.47      0.12      0.19       487
           1       0.80      0.01      0.02       498
           2       0.14      0.18      0.16       505
           3       0.12      0.16      0.14       464
           4       0.16      0.54      0.25       534
           5       0.25      0.10      0.15       483
           6       0.21      0.56      0.31       511
           7       0.55      0.06      0.10       489
           8       0.42      0.16      0.23       494
           9       0.40      0.00      0.01       535

    accuracy                           0.19      5000
   macro avg       0.35      0.19      0.15      5000
weighted avg       0.35      0.19      0.15      5000
