Test Accuracy: 77.66%, Test Loss: 0.7689592346191406
              precision    recall  f1-score   support

           0       0.82      0.76      0.79       514
           1       0.95      0.95      0.95       486
           2       0.73      0.61      0.67       511
           3       0.89      0.76      0.82       480
           4       0.62      0.78      0.69       507
           5       0.96      0.70      0.81       502
           6       0.58      0.58      0.58       501
           7       0.92      0.68      0.79       496
           8       0.72      0.96      0.82       492
           9       0.74      0.99      0.84       511

    accuracy                           0.78      5000
   macro avg       0.79      0.78      0.78      5000
weighted avg       0.79      0.78      0.78      5000
