Test Accuracy: 2.62%, Test Loss: 8.041637400817871
              precision    recall  f1-score   support

           0       0.00      0.00      0.00        51
           1       0.50      0.02      0.04        46
           2       0.00      0.00      0.00        48
           3       0.00      0.00      0.00        45
           4       0.00      0.00      0.00        41
           5       0.00      0.00      0.00        49
           6       0.00      0.00      0.00        46
           7       0.11      0.23      0.15        35
           8       0.03      0.03      0.03        37
           9       1.00      0.06      0.11        52
          10       0.00      0.00      0.00        42
          11       0.00      0.00      0.00        54
          12       0.08      0.02      0.03        53
          13       0.00      0.00      0.00        57
          14       0.08      0.04      0.05        56
          15       0.00      0.00      0.00        50
          16       0.00      0.00      0.00        57
          17       0.00      0.00      0.00        52
          18       0.01      0.02      0.02        46
          19       0.00      0.00      0.00        45
          20       1.00      0.02      0.04        51
          21       0.00      0.00      0.00        50
          22       0.75      0.05      0.10        55
          23       0.00      0.00      0.00        48
          24       0.33      0.02      0.04        51
          25       0.00      0.00      0.00        50
          26       0.05      0.05      0.05        43
          27       0.00      0.00      0.00        48
          28       0.25      0.02      0.04        50
          29       0.00      0.00      0.00        55
          30       0.00      0.00      0.00        43
          31       0.00      0.00      0.00        52
          32       0.00      0.00      0.00        54
          33       0.03      0.16      0.05        49
          34       0.00      0.00      0.00        59
          35       0.00      0.00      0.00        52
          36       0.00      0.00      0.00        51
          37       0.00      0.00      0.00        54
          38       0.00      0.00      0.00        46
          39       0.02      0.08      0.04        52
          40       1.00      0.02      0.03        61
          41       0.91      0.20      0.33        50
          42       0.02      0.39      0.05        54
          43       0.00      0.00      0.00        52
          44       0.00      0.00      0.00        47
          45       0.00      0.00      0.00        47
          46       0.00      0.00      0.00        50
          47       0.11      0.17      0.13        48
          48       0.16      0.09      0.12        44
          49       0.00      0.00      0.00        41
          50       0.00      0.00      0.00        45
          51       0.00      0.00      0.00        57
          52       0.00      0.00      0.00        41
          53       0.00      0.00      0.00        53
          54       0.00      0.00      0.00        48
          55       0.00      0.00      0.00        49
          56       0.00      0.00      0.00        53
          57       0.00      0.00      0.00        43
          58       0.00      0.00      0.00        53
          59       0.00      0.00      0.00        48
          60       0.00      0.00      0.00        55
          61       0.00      0.00      0.00        61
          62       0.00      0.00      0.00        47
          63       0.00      0.00      0.00        54
          64       0.00      0.00      0.00        51
          65       0.00      0.00      0.00        52
          66       0.00      0.00      0.00        54
          67       0.05      0.02      0.03        52
          68       0.00      0.00      0.00        48
          69       0.00      0.00      0.00        52
          70       0.67      0.04      0.07        53
          71       0.00      0.00      0.00        57
          72       0.00      0.00      0.00        54
          73       0.00      0.00      0.00        52
          74       0.00      0.00      0.00        49
          75       0.00      0.00      0.00        54
          76       0.00      0.00      0.00        57
          77       0.00      0.00      0.00        48
          78       0.01      0.56      0.02        45
          79       0.00      0.00      0.00        46
          80       0.00      0.00      0.00        54
          81       0.00      0.00      0.00        46
          82       0.75      0.05      0.10        56
          83       1.00      0.02      0.04        49
          84       0.00      0.00      0.00        50
          85       0.00      0.00      0.00        50
          86       0.00      0.00      0.00        44
          87       0.00      0.00      0.00        48
          88       0.02      0.33      0.03        45
          89       0.06      0.02      0.03        50
          90       0.00      0.00      0.00        53
          91       0.00      0.00      0.00        54
          92       0.00      0.00      0.00        56
          93       0.25      0.02      0.04        50
          94       0.00      0.00      0.00        52
          95       0.00      0.00      0.00        54
          96       0.00      0.00      0.00        48
          97       0.00      0.00      0.00        50
          98       0.00      0.00      0.00        46
          99       0.04      0.02      0.03        45

    accuracy                           0.03      5000
   macro avg       0.09      0.03      0.02      5000
weighted avg       0.10      0.03      0.02      5000
