Test Accuracy: 45.80%, Test Loss: 1.526079553413391
              precision    recall  f1-score   support

           0       0.52      0.65      0.58       495
           1       1.00      0.68      0.81       509
           2       0.55      0.33      0.41       485
           3       0.70      0.59      0.64       481
           4       0.64      0.01      0.03       530
           5       0.74      0.43      0.54       505
           6       0.27      0.76      0.40       519
           7       0.85      0.07      0.13       500
           8       0.31      0.92      0.46       485
           9       0.97      0.17      0.29       491

    accuracy                           0.46      5000
   macro avg       0.65      0.46      0.43      5000
weighted avg       0.65      0.46      0.43      5000
