Test Accuracy: 21.72%, Test Loss: 3.401923990249634
              precision    recall  f1-score   support

           0       0.28      0.24      0.26        51
           1       0.42      0.11      0.17        46
           2       0.22      0.23      0.22        48
           3       0.50      0.09      0.15        45
           4       0.09      0.10      0.09        41
           5       0.21      0.45      0.28        49
           6       0.42      0.11      0.17        46
           7       0.29      0.17      0.21        35
           8       0.15      0.19      0.17        37
           9       0.26      0.44      0.32        52
          10       0.28      0.31      0.30        42
          11       0.23      0.09      0.13        54
          12       0.23      0.25      0.24        53
          13       0.46      0.21      0.29        57
          14       0.24      0.14      0.18        56
          15       0.25      0.08      0.12        50
          16       0.37      0.33      0.35        57
          17       0.64      0.13      0.22        52
          18       0.08      0.17      0.11        46
          19       0.21      0.16      0.18        45
          20       0.91      0.20      0.32        51
          21       0.58      0.30      0.39        50
          22       0.31      0.18      0.23        55
          23       0.19      0.54      0.29        48
          24       0.62      0.41      0.49        51
          25       0.07      0.06      0.07        50
          26       0.14      0.19      0.16        43
          27       0.08      0.25      0.12        48
          28       0.29      0.48      0.36        50
          29       0.20      0.09      0.12        55
          30       0.24      0.49      0.32        43
          31       0.50      0.19      0.28        52
          32       0.12      0.06      0.08        54
          33       0.15      0.45      0.23        49
          34       0.13      0.05      0.07        59
          35       0.29      0.04      0.07        52
          36       0.00      0.00      0.00        51
          37       0.52      0.24      0.33        54
          38       0.09      0.09      0.09        46
          39       0.60      0.12      0.19        52
          40       0.34      0.21      0.26        61
          41       0.53      0.36      0.43        50
          42       0.15      0.35      0.21        54
          43       0.22      0.10      0.13        52
          44       0.06      0.17      0.09        47
          45       0.06      0.04      0.05        47
          46       0.26      0.16      0.20        50
          47       0.23      0.40      0.29        48
          48       0.58      0.48      0.53        44
          49       0.33      0.05      0.09        41
          50       0.20      0.04      0.07        45
          51       0.36      0.09      0.14        57
          52       1.00      0.07      0.14        41
          53       0.00      0.00      0.00        53
          54       0.57      0.33      0.42        48
          55       0.02      0.04      0.03        49
          56       0.65      0.28      0.39        53
          57       0.23      0.23      0.23        43
          58       0.42      0.36      0.39        53
          59       0.50      0.15      0.23        48
          60       0.71      0.45      0.56        55
          61       0.43      0.26      0.33        61
          62       0.57      0.09      0.15        47
          63       0.37      0.24      0.29        54
          64       0.14      0.04      0.06        51
          65       0.19      0.27      0.23        52
          66       0.25      0.22      0.24        54
          67       0.07      0.54      0.13        52
          68       0.31      0.71      0.43        48
          69       0.33      0.38      0.36        52
          70       0.71      0.09      0.17        53
          71       0.36      0.37      0.37        57
          72       0.12      0.02      0.03        54
          73       0.17      0.12      0.14        52
          74       0.23      0.16      0.19        49
          75       1.00      0.06      0.11        54
          76       0.39      0.53      0.45        57
          77       0.08      0.15      0.10        48
          78       0.17      0.27      0.21        45
          79       0.21      0.22      0.22        46
          80       0.05      0.15      0.07        54
          81       0.23      0.43      0.30        46
          82       0.64      0.16      0.26        56
          83       0.14      0.06      0.08        49
          84       0.22      0.10      0.14        50
          85       0.41      0.18      0.25        50
          86       0.60      0.14      0.22        44
          87       0.22      0.42      0.29        48
          88       0.09      0.49      0.16        45
          89       0.25      0.34      0.29        50
          90       0.23      0.17      0.20        53
          91       0.33      0.26      0.29        54
          92       0.67      0.04      0.07        56
          93       0.18      0.18      0.18        50
          94       0.59      0.33      0.42        52
          95       0.41      0.13      0.20        54
          96       0.20      0.33      0.25        48
          97       0.33      0.08      0.13        50
          98       0.14      0.02      0.04        46
          99       0.08      0.22      0.11        45

    accuracy                           0.22      5000
   macro avg       0.31      0.22      0.21      5000
weighted avg       0.32      0.22      0.22      5000
