Test Accuracy: 70.10%, Test Loss: 0.9381654010772705
              precision    recall  f1-score   support

           0       0.61      0.86      0.71       495
           1       0.99      0.86      0.92       509
           2       0.57      0.66      0.61       485
           3       0.76      0.80      0.78       481
           4       0.90      0.08      0.16       530
           5       0.89      0.75      0.81       505
           6       0.48      0.60      0.53       519
           7       0.85      0.73      0.79       500
           8       0.55      0.97      0.71       485
           9       0.95      0.75      0.84       491

    accuracy                           0.70      5000
   macro avg       0.76      0.71      0.69      5000
weighted avg       0.76      0.70      0.68      5000
