Test Accuracy: 35.34%, Test Loss: 2.2869305961608886
              precision    recall  f1-score   support

           0       0.00      0.00      0.00       527
           1       0.87      0.97      0.92       489
           2       0.28      0.77      0.41       487
           3       0.73      0.10      0.17       487
           4       0.16      0.79      0.27       505
           5       0.00      0.00      0.00       477
           6       0.24      0.03      0.06       498
           7       0.81      0.22      0.34       514
           8       1.00      0.00      0.01       502
           9       0.88      0.66      0.76       514

    accuracy                           0.35      5000
   macro avg       0.50      0.35      0.29      5000
weighted avg       0.50      0.35      0.29      5000
