Test Accuracy: 17.40%, Test Loss: 4.673321741485596
              precision    recall  f1-score   support

           0       0.00      0.00      0.00       527
           1       0.94      0.53      0.68       489
           2       0.21      0.05      0.08       487
           3       0.50      0.00      0.00       487
           4       0.15      0.43      0.23       505
           5       0.00      0.00      0.00       477
           6       0.12      0.73      0.20       498
           7       0.00      0.00      0.00       514
           8       0.08      0.01      0.01       502
           9       0.00      0.00      0.00       514

    accuracy                           0.17      5000
   macro avg       0.20      0.18      0.12      5000
weighted avg       0.20      0.17      0.12      5000
