Test Accuracy: 22.40%, Test Loss: 3.633540784454346
              precision    recall  f1-score   support

           0       0.33      0.00      0.00       527
           1       0.92      0.85      0.89       489
           2       0.20      0.20      0.20       487
           3       0.32      0.02      0.03       487
           4       0.15      0.76      0.24       505
           5       0.00      0.00      0.00       477
           6       0.15      0.41      0.22       498
           7       0.00      0.00      0.00       514
           8       0.67      0.01      0.02       502
           9       1.00      0.00      0.00       514

    accuracy                           0.22      5000
   macro avg       0.37      0.23      0.16      5000
weighted avg       0.37      0.22      0.16      5000
