Test Accuracy: 21.56%, Test Loss: 2.8248619102478028
              precision    recall  f1-score   support

           0       0.61      0.08      0.15       490
           1       0.90      0.61      0.73       510
           2       0.30      0.05      0.08       512
           3       0.38      0.25      0.30       520
           4       0.22      0.00      0.01       500
           5       0.00      0.00      0.00       505
           6       0.33      0.22      0.26       498
           7       0.00      0.00      0.00       498
           8       0.12      0.97      0.22       467
           9       0.05      0.02      0.03       500

    accuracy                           0.22      5000
   macro avg       0.29      0.22      0.18      5000
weighted avg       0.29      0.22      0.18      5000
