Test Accuracy: 31.96%, Test Loss: 2.6969701511383057
              precision    recall  f1-score   support

           0       1.00      0.05      0.10       492
           1       1.00      0.35      0.52       486
           2       0.42      0.53      0.47       516
           3       0.76      0.45      0.56       528
           4       0.38      0.16      0.22       496
           5       0.00      0.00      0.00       510
           6       0.23      0.73      0.35       476
           7       0.00      0.00      0.00       491
           8       0.22      0.94      0.36       495
           9       1.00      0.00      0.00       510

    accuracy                           0.32      5000
   macro avg       0.50      0.32      0.26      5000
weighted avg       0.50      0.32      0.26      5000
