Test Accuracy: 42.62%, Test Loss: 2.0199939727783205
              precision    recall  f1-score   support

           0       0.90      0.12      0.21       492
           1       1.00      0.55      0.71       486
           2       0.62      0.67      0.65       516
           3       0.79      0.68      0.73       528
           4       0.60      0.40      0.48       496
           5       0.00      0.00      0.00       510
           6       0.30      0.83      0.44       476
           7       0.00      0.00      0.00       491
           8       0.24      0.96      0.39       495
           9       1.00      0.05      0.10       510

    accuracy                           0.43      5000
   macro avg       0.54      0.43      0.37      5000
weighted avg       0.55      0.43      0.37      5000
