Test Accuracy: 15.90%, Test Loss: 9.255128089528025
              precision    recall  f1-score   support

           0       1.00      0.00      0.00       442
           1       0.00      0.00      0.00       470
           2       0.12      0.86      0.21       438
           3       0.64      0.02      0.04       369
           4       1.00      0.06      0.11       389
           5       0.00      0.00      0.00       276
           6       0.28      0.23      0.25       376
           7       0.31      0.35      0.33       445
           8       0.00      0.00      0.00       369
           9       0.00      0.00      0.00       476

    accuracy                           0.16      4050
   macro avg       0.33      0.15      0.09      4050
weighted avg       0.34      0.16      0.10      4050
