Test Accuracy: 11.60%, Test Loss: 10.436510831102913
              precision    recall  f1-score   support

           0       0.00      0.00      0.00       438
           1       0.00      0.00      0.00       461
           2       0.02      0.02      0.02       438
           3       0.00      0.00      0.00       367
           4       0.86      0.03      0.06       380
           5       0.00      0.00      0.00       296
           6       0.00      0.00      0.00       356
           7       0.12      1.00      0.22       451
           8       0.00      0.00      0.00       385
           9       0.00      0.00      0.00       478

    accuracy                           0.12      4050
   macro avg       0.10      0.10      0.03      4050
weighted avg       0.10      0.12      0.03      4050
