Test Accuracy: 15.48%, Test Loss: 9.874156985812718
              precision    recall  f1-score   support

           0       0.00      0.00      0.00       438
           1       0.00      0.00      0.00       461
           2       0.09      0.34      0.14       438
           3       0.00      0.00      0.00       367
           4       0.96      0.11      0.20       380
           5       0.00      0.00      0.00       296
           6       0.03      0.00      0.01       356
           7       0.19      0.96      0.32       451
           8       0.00      0.00      0.00       385
           9       0.00      0.00      0.00       478

    accuracy                           0.15      4050
   macro avg       0.13      0.14      0.07      4050
weighted avg       0.12      0.15      0.07      4050
