Test Accuracy: 19.21%, Test Loss: 8.270249649330422
              precision    recall  f1-score   support

           0       0.80      0.17      0.28       442
           1       0.00      0.00      0.00       470
           2       0.12      0.92      0.22       438
           3       0.36      0.06      0.10       369
           4       0.98      0.14      0.25       389
           5       1.00      0.00      0.01       276
           6       0.34      0.43      0.38       376
           7       0.85      0.14      0.24       445
           8       0.50      0.01      0.01       369
           9       0.00      0.00      0.00       476

    accuracy                           0.19      4050
   macro avg       0.50      0.19      0.15      4050
weighted avg       0.47      0.19      0.15      4050
