Test Accuracy: 76.86%, Test Loss: 0.797811050605774
              precision    recall  f1-score   support

           0       0.79      0.75      0.77       514
           1       0.96      0.95      0.96       486
           2       0.74      0.59      0.66       511
           3       0.90      0.76      0.82       480
           4       0.65      0.75      0.70       507
           5       0.97      0.69      0.80       502
           6       0.55      0.57      0.56       501
           7       0.93      0.67      0.78       496
           8       0.68      0.97      0.80       492
           9       0.73      0.99      0.84       511

    accuracy                           0.77      5000
   macro avg       0.79      0.77      0.77      5000
weighted avg       0.79      0.77      0.77      5000
