Test Accuracy: 15.08%, Test Loss: 145.38306975097657
              precision    recall  f1-score   support

           0       0.34      0.02      0.04       482
           1       0.35      0.40      0.37       507
           2       0.00      0.00      0.00       499
           3       0.00      0.00      0.00       503
           4       0.00      0.00      0.00       507
           5       0.00      0.00      0.00       498
           6       0.12      0.27      0.16       494
           7       0.00      0.00      0.00       493
           8       0.13      0.81      0.22       505
           9       0.00      0.00      0.00       512

    accuracy                           0.15      5000
   macro avg       0.09      0.15      0.08      5000
weighted avg       0.09      0.15      0.08      5000
