Test Accuracy: 18.62%, Test Loss: 143.21420059814454
              precision    recall  f1-score   support

           0       0.36      0.06      0.10       482
           1       0.46      0.61      0.52       507
           2       0.53      0.02      0.03       499
           3       0.14      0.00      0.00       503
           4       0.00      0.00      0.00       507
           5       0.00      0.00      0.00       498
           6       0.14      0.30      0.19       494
           7       0.00      0.00      0.00       493
           8       0.14      0.85      0.24       505
           9       0.00      0.00      0.00       512

    accuracy                           0.19      5000
   macro avg       0.18      0.19      0.11      5000
weighted avg       0.18      0.19      0.11      5000
