Test Accuracy: 11.63%, Test Loss: 8.571467980749814
              precision    recall  f1-score   support

           0       0.00      0.00      0.00       434
           1       0.00      0.00      0.00       417
           2       0.02      0.00      0.00       459
           3       0.00      0.00      0.00       379
           4       0.78      0.05      0.09       396
           5       0.00      0.00      0.00       290
           6       0.00      0.00      0.00       373
           7       0.11      1.00      0.20       454
           8       0.00      0.00      0.00       385
           9       0.00      0.00      0.00       463

    accuracy                           0.12      4050
   macro avg       0.09      0.10      0.03      4050
weighted avg       0.09      0.12      0.03      4050
