Test Accuracy: 22.18%, Test Loss: 126.1221428466797
              precision    recall  f1-score   support

           0       0.42      0.10      0.16       482
           1       0.53      0.85      0.66       507
           2       0.28      0.03      0.06       499
           3       0.30      0.01      0.01       503
           4       1.00      0.00      0.01       507
           5       0.00      0.00      0.00       498
           6       0.17      0.35      0.23       494
           7       0.00      0.00      0.00       493
           8       0.15      0.87      0.25       505
           9       0.00      0.00      0.00       512

    accuracy                           0.22      5000
   macro avg       0.29      0.22      0.14      5000
weighted avg       0.29      0.22      0.14      5000
