Test Accuracy: 18.28%, Test Loss: 89.723061328125
              precision    recall  f1-score   support

           0       0.14      0.09      0.11       519
           1       0.95      0.19      0.32       513
           2       0.16      0.18      0.17       505
           3       0.65      0.02      0.04       488
           4       0.50      0.01      0.02       475
           5       0.00      0.00      0.00       507
           6       0.18      0.56      0.28       508
           7       0.00      0.00      0.00       466
           8       0.14      0.68      0.23       507
           9       0.95      0.07      0.14       512

    accuracy                           0.18      5000
   macro avg       0.37      0.18      0.13      5000
weighted avg       0.37      0.18      0.13      5000
