Test Accuracy: 21.94%, Test Loss: 79.74484049072265
              precision    recall  f1-score   support

           0       0.14      0.11      0.12       519
           1       0.95      0.32      0.48       513
           2       0.19      0.22      0.20       505
           3       0.79      0.03      0.06       488
           4       0.50      0.01      0.02       475
           5       0.00      0.00      0.00       507
           6       0.21      0.60      0.31       508
           7       0.00      0.00      0.00       466
           8       0.16      0.75      0.27       507
           9       0.98      0.12      0.22       512

    accuracy                           0.22      5000
   macro avg       0.39      0.22      0.17      5000
weighted avg       0.40      0.22      0.17      5000
