Test Accuracy: 80.30%, Test Loss: 0.6430643980026245
              precision    recall  f1-score   support

           0       0.80      0.71      0.75       517
           1       0.98      0.95      0.97       481
           2       0.64      0.74      0.68       512
           3       0.87      0.81      0.84       498
           4       0.88      0.52      0.65       486
           5       0.94      0.83      0.88       506
           6       0.47      0.71      0.57       493
           7       0.85      0.92      0.88       505
           8       0.92      0.93      0.93       484
           9       0.93      0.90      0.91       518

    accuracy                           0.80      5000
   macro avg       0.83      0.80      0.81      5000
weighted avg       0.83      0.80      0.81      5000
Test Accuracy: 55.56%, Test Loss: 1.304961141872406
              precision    recall  f1-score   support

           0       0.69      0.62      0.65       497
           1       0.99      0.87      0.93       518
           2       0.47      0.55      0.51       518
           3       0.76      0.76      0.76       484
           4       0.49      0.10      0.17       503
           5       0.91      0.37      0.53       509
           6       0.32      0.72      0.44       500
           7       0.90      0.26      0.41       497
           8       0.36      0.91      0.52       477
           9       0.91      0.41      0.57       497

    accuracy                           0.56      5000
   macro avg       0.68      0.56      0.55      5000
weighted avg       0.68      0.56      0.55      5000
