Test Accuracy: 88.02%
Test Loss: 0.3476995241641998%

              precision    recall  f1-score   support

           0       0.84      0.83      0.83       486
           1       0.99      0.97      0.98       501
           2       0.82      0.75      0.78       487
           3       0.90      0.90      0.90       509
           4       0.80      0.82      0.81       534
           5       0.95      0.96      0.95       499
           6       0.65      0.72      0.69       479
           7       0.93      0.95      0.94       503
           8       0.96      0.97      0.97       499
           9       0.96      0.94      0.95       503

    accuracy                           0.88      5000
   macro avg       0.88      0.88      0.88      5000
weighted avg       0.88      0.88      0.88      5000
