Test Accuracy: 88.02%, Test Loss: 0.34276778317689893
              precision    recall  f1-score   support

           0       0.85      0.83      0.84       502
           1       0.98      0.97      0.98       496
           2       0.83      0.76      0.79       504
           3       0.90      0.88      0.89       490
           4       0.80      0.82      0.81       521
           5       0.96      0.95      0.96       480
           6       0.66      0.74      0.70       496
           7       0.93      0.96      0.94       529
           8       0.97      0.97      0.97       497
           9       0.97      0.94      0.95       485

    accuracy                           0.88      5000
   macro avg       0.88      0.88      0.88      5000
weighted avg       0.88      0.88      0.88      5000
Test Accuracy: 88.02%, Test Loss: 0.3627803577661514              precision    recall  f1-score   support

           0       0.84      0.83      0.83       513
           1       0.99      0.97      0.98       511
           2       0.83      0.77      0.80       495
           3       0.88      0.87      0.88       484
           4       0.78      0.79      0.79       513
           5       0.97      0.97      0.97       500
           6       0.67      0.74      0.70       502
           7       0.94      0.96      0.95       511
           8       0.97      0.96      0.96       476
           9       0.97      0.95      0.96       495

    accuracy                           0.88      5000
   macro avg       0.88      0.88      0.88      5000
weighted avg       0.88      0.88      0.88      5000
Test Accuracy: 87.78%, Test Loss: 0.36050027191638945              precision    recall  f1-score   support

           0       0.84      0.82      0.83       517
           1       0.99      0.98      0.98       481
           2       0.82      0.75      0.79       512
           3       0.93      0.88      0.90       498
           4       0.80      0.83      0.81       486
           5       0.95      0.95      0.95       506
           6       0.64      0.74      0.69       493
           7       0.91      0.95      0.93       505
           8       0.98      0.96      0.97       484
           9       0.96      0.92      0.94       518

    accuracy                           0.88      5000
   macro avg       0.88      0.88      0.88      5000
weighted avg       0.88      0.88      0.88      5000
Test Accuracy: 88.16%, Test Loss: 0.35299258160591124              precision    recall  f1-score   support

           0       0.85      0.79      0.82       497
           1       1.00      0.96      0.98       518
           2       0.85      0.80      0.83       518
           3       0.88      0.90      0.89       484
           4       0.83      0.77      0.80       503
           5       0.96      0.97      0.97       509
           6       0.62      0.75      0.68       500
           7       0.96      0.95      0.96       497
           8       0.95      0.97      0.96       477
           9       0.96      0.96      0.96       497

    accuracy                           0.88      5000
   macro avg       0.89      0.88      0.88      5000
weighted avg       0.89      0.88      0.88      5000
Test Accuracy: 88.16%, Test Loss: 0.35299258160591124              precision    recall  f1-score   support

           0       0.85      0.79      0.82       497
           1       1.00      0.96      0.98       518
           2       0.85      0.80      0.83       518
           3       0.88      0.90      0.89       484
           4       0.83      0.77      0.80       503
           5       0.96      0.97      0.97       509
           6       0.62      0.75      0.68       500
           7       0.96      0.95      0.96       497
           8       0.95      0.97      0.96       477
           9       0.96      0.96      0.96       497

    accuracy                           0.88      5000
   macro avg       0.89      0.88      0.88      5000
weighted avg       0.89      0.88      0.88      5000
