Test Accuracy: 20.29%, Test Loss: 245.5825309947847
              precision    recall  f1-score   support

           0       0.24      0.45      0.31       205
           1       0.30      0.34      0.32       188
           2       1.00      0.01      0.01       192
           3       0.14      0.12      0.13       188
           4       1.00      0.02      0.05       213
           5       0.46      0.16      0.24       199
           6       0.00      0.00      0.00       184
           7       0.00      0.00      0.00       198
           8       0.16      0.90      0.27       198
           9       0.67      0.02      0.04       197

    accuracy                           0.20      1962
   macro avg       0.40      0.20      0.14      1962
weighted avg       0.40      0.20      0.14      1962
