Test Accuracy: 26.25%, Test Loss: 192.68613284516408
              precision    recall  f1-score   support

           0       0.36      0.30      0.33       205
           1       0.36      0.08      0.13       188
           2       0.63      0.34      0.44       192
           3       0.38      0.05      0.08       188
           4       0.90      0.04      0.08       213
           5       0.89      0.08      0.15       199
           6       0.75      0.05      0.09       184
           7       0.50      0.07      0.12       198
           8       0.14      0.87      0.24       198
           9       0.43      0.73      0.54       197

    accuracy                           0.26      1962
   macro avg       0.53      0.26      0.22      1962
weighted avg       0.54      0.26      0.22      1962
