Test Accuracy: 23.55%, Test Loss: 211.43875069963337
              precision    recall  f1-score   support

           0       0.29      0.45      0.35       205
           1       0.40      0.17      0.24       188
           2       0.73      0.23      0.35       192
           3       0.22      0.03      0.06       188
           4       0.89      0.04      0.07       213
           5       0.65      0.11      0.19       199
           6       0.60      0.02      0.03       184
           7       1.00      0.02      0.04       198
           8       0.14      0.89      0.24       198
           9       0.58      0.37      0.45       197

    accuracy                           0.24      1962
   macro avg       0.55      0.23      0.20      1962
weighted avg       0.55      0.24      0.20      1962
