Test Accuracy: 20.90%, Test Loss: 240.55980249185203
              precision    recall  f1-score   support

           0       0.23      0.52      0.32       205
           1       0.33      0.27      0.30       188
           2       0.92      0.06      0.11       192
           3       0.14      0.05      0.07       188
           4       0.80      0.02      0.04       213
           5       0.54      0.13      0.21       199
           6       0.33      0.01      0.01       184
           7       0.00      0.00      0.00       198
           8       0.15      0.88      0.25       198
           9       0.69      0.14      0.23       197

    accuracy                           0.21      1962
   macro avg       0.41      0.21      0.15      1962
weighted avg       0.42      0.21      0.15      1962
