Test Accuracy: 13.60%, Test Loss: 3.3826252212524412
              precision    recall  f1-score   support

           0       0.00      0.00      0.00       490
           1       0.92      0.21      0.34       510
           2       0.33      0.00      0.00       512
           3       0.14      0.17      0.15       520
           4       0.09      0.01      0.01       500
           5       0.00      0.00      0.00       505
           6       0.29      0.16      0.21       498
           7       0.00      0.00      0.00       498
           8       0.12      0.79      0.21       467
           9       0.04      0.07      0.05       500

    accuracy                           0.14      5000
   macro avg       0.19      0.14      0.10      5000
weighted avg       0.20      0.14      0.10      5000
