Test Accuracy: 16.06%, Test Loss: 3.220501016998291
              precision    recall  f1-score   support

           0       0.30      0.01      0.01       490
           1       0.94      0.40      0.56       510
           2       0.46      0.01      0.02       512
           3       0.25      0.20      0.22       520
           4       0.33      0.01      0.01       500
           5       0.00      0.00      0.00       505
           6       0.27      0.15      0.20       498
           7       0.00      0.00      0.00       498
           8       0.12      0.84      0.20       467
           9       0.02      0.03      0.03       500

    accuracy                           0.16      5000
   macro avg       0.27      0.16      0.12      5000
weighted avg       0.27      0.16      0.13      5000
