Test Accuracy: 12.64%, Test Loss: 553.692731240355
              precision    recall  f1-score   support

           0       0.00      0.00      0.00       444
           1       0.00      0.00      0.00       453
           2       0.06      0.13      0.08       460
           3       0.00      0.00      0.00       391
           4       1.00      0.02      0.03       347
           5       0.00      0.00      0.00       303
           6       0.00      0.00      0.00       378
           7       0.15      0.99      0.26       449
           8       0.00      0.00      0.00       372
           9       0.00      0.00      0.00       453

    accuracy                           0.13      4050
   macro avg       0.12      0.11      0.04      4050
weighted avg       0.11      0.13      0.04      4050
