Test Accuracy: 11.14%, Test Loss: 665.158534493152
              precision    recall  f1-score   support

           0       0.00      0.00      0.00       444
           1       0.00      0.00      0.00       453
           2       0.00      0.00      0.00       460
           3       0.00      0.00      0.00       391
           4       1.00      0.01      0.01       347
           5       0.00      0.00      0.00       303
           6       0.00      0.00      0.00       378
           7       0.11      1.00      0.20       449
           8       0.00      0.00      0.00       372
           9       0.00      0.00      0.00       453

    accuracy                           0.11      4050
   macro avg       0.11      0.10      0.02      4050
weighted avg       0.10      0.11      0.02      4050
