Test Accuracy: 14.79%, Test Loss: 418.9506095076196
              precision    recall  f1-score   support

           0       0.02      0.02      0.02       444
           1       0.00      0.00      0.00       453
           2       0.12      0.57      0.20       460
           3       0.12      0.01      0.02       391
           4       1.00      0.05      0.10       347
           5       0.18      0.02      0.03       303
           6       0.05      0.03      0.04       378
           7       0.23      0.65      0.34       449
           8       0.11      0.00      0.01       372
           9       0.00      0.00      0.00       453

    accuracy                           0.15      4050
   macro avg       0.18      0.13      0.08      4050
weighted avg       0.17      0.15      0.08      4050
