Test Accuracy: 16.32%, Test Loss: 381.0501816587095
              precision    recall  f1-score   support

           0       0.12      0.64      0.20       444
           1       0.00      0.00      0.00       453
           2       0.16      0.24      0.19       460
           3       0.19      0.04      0.06       391
           4       0.89      0.05      0.09       347
           5       0.14      0.03      0.05       303
           6       0.22      0.35      0.27       378
           7       0.96      0.21      0.34       449
           8       0.00      0.00      0.00       372
           9       0.00      0.00      0.00       453

    accuracy                           0.16      4050
   macro avg       0.27      0.16      0.12      4050
weighted avg       0.26      0.16      0.12      4050
