Test Accuracy: 33.08%, Test Loss: 1.999491414771046
              precision    recall  f1-score   support

           0       0.27      0.64      0.38       189
           1       0.44      0.15      0.23       183
           2       0.47      0.56      0.51       180
           3       0.22      0.29      0.25       193
           4       0.64      0.14      0.24       208
           5       0.63      0.21      0.32       199
           6       0.39      0.13      0.19       190
           7       0.60      0.12      0.20       221
           8       0.23      0.73      0.35       207
           9       0.65      0.35      0.46       192

    accuracy                           0.33      1962
   macro avg       0.45      0.33      0.31      1962
weighted avg       0.46      0.33      0.31      1962
