Test Accuracy: 20.90%, Test Loss: 2.984983425257038
              precision    recall  f1-score   support

           0       0.41      0.16      0.24       188
           1       0.27      0.14      0.18       204
           2       1.00      0.05      0.09       181
           3       0.50      0.01      0.02       183
           4       1.00      0.03      0.05       213
           5       0.83      0.10      0.18       192
           6       0.00      0.00      0.00       191
           7       0.38      0.02      0.04       219
           8       0.13      0.79      0.22       202
           9       0.31      0.79      0.44       189

    accuracy                           0.21      1962
   macro avg       0.48      0.21      0.15      1962
weighted avg       0.48      0.21      0.15      1962
