Test Accuracy: 17.48%, Test Loss: 2.2966465648647234
              precision    recall  f1-score   support

           0       0.16      0.35      0.22       188
           1       0.15      0.06      0.08       204
           2       1.00      0.07      0.12       181
           3       0.11      0.55      0.19       183
           4       0.53      0.22      0.31       213
           5       0.19      0.35      0.25       192
           6       0.25      0.04      0.07       191
           7       0.18      0.01      0.02       219
           8       0.29      0.11      0.16       202
           9       0.56      0.03      0.05       189

    accuracy                           0.17      1962
   macro avg       0.34      0.18      0.15      1962
weighted avg       0.34      0.17      0.15      1962
