Test Accuracy: 25.43%, Test Loss: 2.1830021097997885
              precision    recall  f1-score   support

           0       0.21      0.42      0.28       189
           1       0.31      0.02      0.04       183
           2       0.65      0.27      0.38       180
           3       0.20      0.52      0.29       193
           4       0.48      0.15      0.23       208
           5       0.38      0.26      0.31       199
           6       0.13      0.04      0.06       190
           7       0.50      0.07      0.12       221
           8       0.21      0.69      0.33       207
           9       0.77      0.09      0.16       192

    accuracy                           0.25      1962
   macro avg       0.39      0.25      0.22      1962
weighted avg       0.39      0.25      0.22      1962
