Test Accuracy: 57.44%, Test Loss: 1.400233762359619
              precision    recall  f1-score   support

           0       0.88      0.35      0.50       501
           1       0.71      0.57      0.63       474
           2       0.52      0.52      0.52       488
           3       0.44      0.86      0.58       502
           4       0.70      0.56      0.62       507
           5       0.98      0.16      0.28       516
           6       0.60      0.64      0.62       510
           7       0.87      0.46      0.60       490
           8       0.41      0.86      0.55       505
           9       0.67      0.77      0.72       507

    accuracy                           0.57      5000
   macro avg       0.68      0.57      0.56      5000
weighted avg       0.68      0.57      0.56      5000
