Test Accuracy: 77.50%, Test Loss: 0.7278554149150849
              precision    recall  f1-score   support

           0       0.95      0.64      0.77       501
           1       0.92      0.69      0.79       474
           2       0.59      0.86      0.70       488
           3       0.69      0.90      0.78       502
           4       0.82      0.79      0.80       507
           5       0.94      0.72      0.81       516
           6       0.82      0.70      0.75       510
           7       0.97      0.66      0.78       490
           8       0.60      0.92      0.73       505
           9       0.85      0.86      0.86       507

    accuracy                           0.78      5000
   macro avg       0.82      0.77      0.78      5000
weighted avg       0.82      0.78      0.78      5000
