Test Accuracy: 68.70%, Test Loss: 1.0417438037872315
              precision    recall  f1-score   support

           0       0.92      0.50      0.64       501
           1       0.85      0.64      0.73       474
           2       0.57      0.75      0.65       488
           3       0.53      0.89      0.67       502
           4       0.77      0.67      0.72       507
           5       0.97      0.41      0.58       516
           6       0.72      0.68      0.70       510
           7       0.95      0.57      0.71       490
           8       0.50      0.90      0.64       505
           9       0.77      0.87      0.82       507

    accuracy                           0.69      5000
   macro avg       0.76      0.69      0.69      5000
weighted avg       0.76      0.69      0.69      5000
