Test Accuracy: 76.62%, Test Loss: 0.7839056654930114
              precision    recall  f1-score   support

           0       0.96      0.59      0.73       501
           1       0.91      0.70      0.79       474
           2       0.59      0.85      0.70       488
           3       0.68      0.92      0.78       502
           4       0.81      0.76      0.78       507
           5       0.96      0.68      0.79       516
           6       0.80      0.73      0.76       510
           7       0.98      0.64      0.77       490
           8       0.58      0.92      0.71       505
           9       0.86      0.85      0.86       507

    accuracy                           0.77      5000
   macro avg       0.81      0.77      0.77      5000
weighted avg       0.81      0.77      0.77      5000
