Test Accuracy: 20.52%, Test Loss: 5.114218552017212
              precision    recall  f1-score   support

           0       1.00      0.01      0.03       528
           1       0.00      0.00      0.00       498
           2       0.00      0.00      0.00       493
           3       0.15      0.94      0.25       479
           4       0.33      0.60      0.43       495
           5       0.00      0.00      0.00       555
           6       0.27      0.52      0.36       518
           7       0.00      0.00      0.00       482
           8       0.00      0.00      0.00       474
           9       0.00      0.00      0.00       478

    accuracy                           0.21      5000
   macro avg       0.18      0.21      0.11      5000
weighted avg       0.18      0.21      0.11      5000
