Test Accuracy: 19.44%, Test Loss: 5.640277613830566
              precision    recall  f1-score   support

           0       1.00      0.02      0.04       528
           1       0.00      0.00      0.00       498
           2       0.00      0.00      0.00       493
           3       0.13      0.96      0.23       479
           4       0.37      0.58      0.45       495
           5       0.20      0.00      0.00       555
           6       0.30      0.41      0.35       518
           7       0.00      0.00      0.00       482
           8       0.50      0.00      0.00       474
           9       0.00      0.00      0.00       478

    accuracy                           0.19      5000
   macro avg       0.25      0.20      0.11      5000
weighted avg       0.26      0.19      0.11      5000
