Test Accuracy: 19.50%, Test Loss: 5.578995306396484
              precision    recall  f1-score   support

           0       1.00      0.01      0.03       528
           1       0.00      0.00      0.00       498
           2       0.00      0.00      0.00       493
           3       0.13      0.96      0.24       479
           4       0.36      0.58      0.44       495
           5       0.60      0.01      0.01       555
           6       0.29      0.42      0.34       518
           7       0.00      0.00      0.00       482
           8       1.00      0.00      0.01       474
           9       0.00      0.00      0.00       478

    accuracy                           0.20      5000
   macro avg       0.34      0.20      0.11      5000
weighted avg       0.35      0.20      0.11      5000
