Test Accuracy: 21.94%, Test Loss: 4.57188989944458
              precision    recall  f1-score   support

           0       1.00      0.03      0.06       528
           1       0.00      0.00      0.00       498
           2       0.00      0.00      0.00       493
           3       0.17      0.87      0.29       479
           4       0.30      0.70      0.42       495
           5       0.25      0.00      0.00       555
           6       0.22      0.61      0.33       518
           7       0.00      0.00      0.00       482
           8       0.00      0.00      0.00       474
           9       0.00      0.00      0.00       478

    accuracy                           0.22      5000
   macro avg       0.19      0.22      0.11      5000
weighted avg       0.20      0.22      0.11      5000
