Test Accuracy: 10.32%, Test Loss: 8.72807056285717
              precision    recall  f1-score   support

           0       0.02      0.07      0.04       442
           1       0.00      0.00      0.00       465
           2       0.12      0.57      0.20       449
           3       0.00      0.00      0.00       354
           4       1.00      0.01      0.01       379
           5       0.00      0.00      0.00       285
           6       0.08      0.08      0.08       362
           7       0.31      0.23      0.26       448
           8       0.00      0.00      0.00       400
           9       0.00      0.00      0.00       466

    accuracy                           0.10      4050
   macro avg       0.15      0.09      0.06      4050
weighted avg       0.15      0.10      0.06      4050
