Test Accuracy: 17.93%, Test Loss: 4.456900801246549
              precision    recall  f1-score   support

           0       0.67      0.00      0.01       434
           1       0.00      0.00      0.00       417
           2       0.08      0.31      0.13       459
           3       0.25      0.00      0.01       379
           4       0.83      0.37      0.51       396
           5       0.00      0.00      0.00       290
           6       0.11      0.03      0.05       373
           7       0.20      0.93      0.34       454
           8       0.00      0.00      0.00       385
           9       0.00      0.00      0.00       463

    accuracy                           0.18      4050
   macro avg       0.21      0.17      0.10      4050
weighted avg       0.22      0.18      0.11      4050
