Test Accuracy: 11.26%, Test Loss: 11.99659529980318
              precision    recall  f1-score   support

           0       0.00      0.00      0.00       434
           1       0.00      0.00      0.00       417
           2       0.00      0.00      0.00       459
           3       0.00      0.00      0.00       379
           4       1.00      0.01      0.01       396
           5       0.00      0.00      0.00       290
           6       0.00      0.00      0.00       373
           7       0.11      1.00      0.20       454
           8       0.00      0.00      0.00       385
           9       0.00      0.00      0.00       463

    accuracy                           0.11      4050
   macro avg       0.11      0.10      0.02      4050
weighted avg       0.11      0.11      0.02      4050
