Test Accuracy: 11.11%, Test Loss: 10.59325771002122
              precision    recall  f1-score   support

           0       0.00      0.00      0.00       418
           1       0.00      0.00      0.00       480
           2       0.02      0.02      0.02       450
           3       0.00      0.00      0.00       407
           4       0.93      0.04      0.07       392
           5       0.00      0.00      0.00       283
           6       0.00      0.00      0.00       386
           7       0.12      1.00      0.21       429
           8       0.00      0.00      0.00       357
           9       0.00      0.00      0.00       448

    accuracy                           0.11      4050
   macro avg       0.11      0.11      0.03      4050
weighted avg       0.10      0.11      0.03      4050
