Test Accuracy: 13.93%, Test Loss: 13.161972653424298
              precision    recall  f1-score   support

           0       0.00      0.00      0.00       442
           1       0.00      0.00      0.00       465
           2       0.08      0.28      0.13       449
           3       0.00      0.00      0.00       354
           4       0.00      0.00      0.00       379
           5       0.00      0.00      0.00       285
           6       0.00      0.00      0.00       362
           7       0.17      0.98      0.29       448
           8       0.00      0.00      0.00       400
           9       0.00      0.00      0.00       466

    accuracy                           0.14      4050
   macro avg       0.03      0.13      0.04      4050
weighted avg       0.03      0.14      0.05      4050
