Test Accuracy: 14.05%, Test Loss: 9.436784763100707
              precision    recall  f1-score   support

           0       0.00      0.00      0.00       475
           1       0.00      0.00      0.00       445
           2       0.14      0.82      0.24       481
           3       0.00      0.00      0.00       358
           4       1.00      0.00      0.01       396
           5       0.00      0.00      0.00       284
           6       0.06      0.10      0.08       363
           7       0.27      0.32      0.29       425
           8       0.00      0.00      0.00       375
           9       0.00      0.00      0.00       448

    accuracy                           0.14      4050
   macro avg       0.15      0.12      0.06      4050
weighted avg       0.15      0.14      0.07      4050
