Test Accuracy: 29.33%, Test Loss: 2.090159387588501
              precision    recall  f1-score   support

           0       0.66      0.51      0.57       434
           1       0.00      0.00      0.00       417
           2       0.14      0.76      0.23       459
           3       0.37      0.02      0.04       379
           4       0.80      0.69      0.74       396
           5       0.00      0.00      0.00       290
           6       0.30      0.49      0.37       373
           7       0.80      0.34      0.48       454
           8       0.00      0.00      0.00       385
           9       0.00      0.00      0.00       463

    accuracy                           0.29      4050
   macro avg       0.31      0.28      0.24      4050
weighted avg       0.32      0.29      0.25      4050
