Test Accuracy: 17.33%, Test Loss: 8.295166556511397
              precision    recall  f1-score   support

           0       0.12      0.72      0.20       418
           1       0.00      0.00      0.00       480
           2       0.22      0.08      0.12       450
           3       0.14      0.02      0.04       407
           4       0.94      0.11      0.20       392
           5       0.00      0.00      0.00       283
           6       0.21      0.58      0.31       386
           7       0.91      0.20      0.32       429
           8       0.00      0.00      0.00       357
           9       0.00      0.00      0.00       448

    accuracy                           0.17      4050
   macro avg       0.25      0.17      0.12      4050
weighted avg       0.26      0.17      0.12      4050
