Test Accuracy: 10.96%, Test Loss: 16.875205205281574
              precision    recall  f1-score   support

           0       0.00      0.00      0.00       426
           1       0.00      0.00      0.00       454
           2       0.03      0.00      0.01       477
           3       0.00      0.00      0.00       382
           4       0.00      0.00      0.00       383
           5       0.00      0.00      0.00       288
           6       0.00      0.00      0.00       364
           7       0.11      1.00      0.20       442
           8       0.00      0.00      0.00       379
           9       0.00      0.00      0.00       455

    accuracy                           0.11      4050
   macro avg       0.01      0.10      0.02      4050
weighted avg       0.02      0.11      0.02      4050
