Test Accuracy: 14.02%, Test Loss: 9.578490497447826
              precision    recall  f1-score   support

           0       0.00      0.00      0.00       447
           1       0.00      0.00      0.00       446
           2       0.10      0.44      0.16       424
           3       0.20      0.00      0.01       383
           4       0.50      0.00      0.01       385
           5       0.00      0.00      0.00       307
           6       0.06      0.01      0.02       371
           7       0.18      0.87      0.30       431
           8       0.00      0.00      0.00       393
           9       0.00      0.00      0.00       463

    accuracy                           0.14      4050
   macro avg       0.10      0.13      0.05      4050
weighted avg       0.10      0.14      0.05      4050
