Test Accuracy: 12.22%, Test Loss: 10.199739302293754
              precision    recall  f1-score   support

           0       0.00      0.00      0.00       465
           1       0.00      0.00      0.00       435
           2       0.00      0.00      0.00       434
           3       0.04      0.01      0.01       361
           4       0.16      0.67      0.26       383
           5       0.00      0.00      0.00       281
           6       0.00      0.00      0.00       367
           7       0.10      0.52      0.17       455
           8       0.00      0.00      0.00       405
           9       0.00      0.00      0.00       464

    accuracy                           0.12      4050
   macro avg       0.03      0.12      0.04      4050
weighted avg       0.03      0.12      0.04      4050
