Test Accuracy: 15.21%, Test Loss: 2.3017220859763063
              precision    recall  f1-score   support

           0       0.90      0.02      0.04       437
           1       0.00      0.00      0.00       460
           2       0.08      0.31      0.13       442
           3       0.00      0.00      0.00       351
           4       0.29      0.10      0.15       396
           5       0.00      0.00      0.00       305
           6       0.00      0.00      0.00       359
           7       0.19      0.95      0.32       454
           8       0.00      0.00      0.00       393
           9       0.00      0.00      0.00       453

    accuracy                           0.15      4050
   macro avg       0.15      0.14      0.06      4050
weighted avg       0.16      0.15      0.07      4050
