Test Accuracy: 11.28%, Test Loss: 22.875059135342823
              precision    recall  f1-score   support

           0       0.00      0.00      0.00       406
           1       0.00      0.00      0.00       493
           2       0.04      0.04      0.04       453
           3       0.00      0.00      0.00       389
           4       0.00      0.00      0.00       362
           5       0.00      0.00      0.00       303
           6       0.00      0.00      0.00       354
           7       0.13      1.00      0.23       441
           8       0.00      0.00      0.00       403
           9       0.00      0.00      0.00       446

    accuracy                           0.11      4050
   macro avg       0.02      0.10      0.03      4050
weighted avg       0.02      0.11      0.03      4050
