Test Accuracy: 14.94%, Test Loss: 8.035631873519332
              precision    recall  f1-score   support

           0       0.50      0.00      0.00       447
           1       0.00      0.00      0.00       446
           2       0.11      0.81      0.20       424
           3       0.23      0.02      0.03       383
           4       1.00      0.03      0.07       385
           5       0.00      0.00      0.00       307
           6       0.23      0.20      0.22       371
           7       0.26      0.38      0.31       431
           8       0.00      0.00      0.00       393
           9       0.00      0.00      0.00       463

    accuracy                           0.15      4050
   macro avg       0.23      0.15      0.08      4050
weighted avg       0.23      0.15      0.08      4050
