Test Accuracy: 13.95%, Test Loss: 4.254316689173381
              precision    recall  f1-score   support

           0       0.02      0.02      0.02       465
           1       0.00      0.00      0.00       435
           2       0.14      0.31      0.19       434
           3       0.11      0.17      0.14       361
           4       0.24      0.13      0.17       383
           5       0.00      0.00      0.00       281
           6       0.11      0.13      0.12       367
           7       0.18      0.41      0.25       455
           8       0.50      0.01      0.02       405
           9       0.39      0.15      0.21       464

    accuracy                           0.14      4050
   macro avg       0.17      0.13      0.11      4050
weighted avg       0.17      0.14      0.12      4050
