Test Accuracy: 11.65%, Test Loss: 10.773509086326317
              precision    recall  f1-score   support

           0       0.00      0.00      0.00       447
           1       0.00      0.00      0.00       446
           2       0.05      0.09      0.07       424
           3       1.00      0.00      0.01       383
           4       0.50      0.00      0.01       385
           5       0.00      0.00      0.00       307
           6       0.00      0.00      0.00       371
           7       0.13      1.00      0.23       431
           8       0.00      0.00      0.00       393
           9       0.00      0.00      0.00       463

    accuracy                           0.12      4050
   macro avg       0.17      0.11      0.03      4050
weighted avg       0.16      0.12      0.03      4050
