Test Accuracy: 14.96%, Test Loss: 10.437818458462939
              precision    recall  f1-score   support

           0       0.10      0.65      0.17       406
           1       0.00      0.00      0.00       493
           2       0.18      0.18      0.18       453
           3       0.17      0.05      0.08       389
           4       0.80      0.01      0.02       362
           5       0.00      0.00      0.00       303
           6       0.21      0.45      0.29       354
           7       0.86      0.18      0.30       441
           8       0.00      0.00      0.00       403
           9       0.00      0.00      0.00       446

    accuracy                           0.15      4050
   macro avg       0.23      0.15      0.10      4050
weighted avg       0.23      0.15      0.10      4050
