Test Accuracy: 23.90%, Test Loss: 6.509049372967379
              precision    recall  f1-score   support

           0       0.77      0.55      0.64       438
           1       0.00      0.00      0.00       461
           2       0.13      0.89      0.22       438
           3       0.39      0.04      0.08       367
           4       0.93      0.22      0.35       380
           5       0.56      0.03      0.06       296
           6       0.32      0.31      0.31       356
           7       0.70      0.25      0.37       451
           8       0.00      0.00      0.00       385
           9       0.54      0.01      0.03       478

    accuracy                           0.24      4050
   macro avg       0.43      0.23      0.21      4050
weighted avg       0.43      0.24      0.21      4050
