Test Accuracy: 21.41%, Test Loss: 2.297048261783741
              precision    recall  f1-score   support

           0       0.90      0.37      0.53       437
           1       0.00      0.00      0.00       460
           2       0.13      0.94      0.23       442
           3       0.24      0.03      0.05       351
           4       0.91      0.03      0.05       396
           5       0.00      0.00      0.00       305
           6       0.34      0.39      0.36       359
           7       0.75      0.26      0.39       454
           8       0.15      0.02      0.04       393
           9       0.33      0.00      0.01       453

    accuracy                           0.21      4050
   macro avg       0.38      0.20      0.16      4050
weighted avg       0.39      0.21      0.17      4050
