Test Accuracy: 11.98%, Test Loss: 2.3034064319987357
              precision    recall  f1-score   support

           0       1.00      0.00      0.00       437
           1       0.00      0.00      0.00       460
           2       0.03      0.03      0.03       442
           3       0.00      0.00      0.00       351
           4       0.21      0.08      0.12       396
           5       0.00      0.00      0.00       305
           6       0.00      0.00      0.00       359
           7       0.13      0.96      0.22       454
           8       0.15      0.01      0.01       393
           9       0.00      0.00      0.00       453

    accuracy                           0.12      4050
   macro avg       0.15      0.11      0.04      4050
weighted avg       0.16      0.12      0.04      4050
