Test Accuracy: 18.44%, Test Loss: 471.19179428288965
              precision    recall  f1-score   support

           0       1.00      0.00      0.01       428
           1       0.00      0.00      0.00       496
           2       0.12      0.73      0.21       467
           3       0.16      0.01      0.02       348
           4       0.97      0.10      0.18       341
           5       0.00      0.00      0.00       287
           6       0.27      0.23      0.25       378
           7       0.31      0.59      0.41       469
           8       0.00      0.00      0.00       358
           9       0.00      0.00      0.00       478

    accuracy                           0.18      4050
   macro avg       0.28      0.17      0.11      4050
weighted avg       0.28      0.18      0.11      4050
