Test Accuracy: 27.28%, Test Loss: 185.41803029001494
              precision    recall  f1-score   support

           0       0.62      0.46      0.53       444
           1       0.00      0.00      0.00       461
           2       0.17      0.53      0.26       495
           3       0.21      0.16      0.18       366
           4       0.85      0.13      0.22       387
           5       0.17      0.00      0.01       290
           6       0.35      0.28      0.31       376
           7       0.85      0.19      0.31       428
           8       0.28      0.03      0.06       369
           9       0.23      0.76      0.36       434

    accuracy                           0.27      4050
   macro avg       0.37      0.25      0.22      4050
weighted avg       0.37      0.27      0.23      4050
