Test Accuracy: 17.26%, Test Loss: 244.5922696638696
              precision    recall  f1-score   support

           0       1.00      0.01      0.02       444
           1       0.00      0.00      0.00       461
           2       0.12      0.54      0.19       495
           3       0.14      0.03      0.05       366
           4       0.65      0.07      0.13       387
           5       0.00      0.00      0.00       290
           6       0.16      0.07      0.10       376
           7       0.25      0.75      0.37       428
           8       0.20      0.00      0.01       369
           9       0.27      0.09      0.13       434

    accuracy                           0.17      4050
   macro avg       0.28      0.16      0.10      4050
weighted avg       0.29      0.17      0.11      4050
