Test Accuracy: 10.74%, Test Loss: 544.6578324833623
              precision    recall  f1-score   support

           0       0.00      0.00      0.00       444
           1       0.00      0.00      0.00       461
           2       0.02      0.02      0.02       495
           3       0.00      0.00      0.00       366
           4       0.25      0.01      0.01       387
           5       0.00      0.00      0.00       290
           6       0.00      0.00      0.00       376
           7       0.12      0.99      0.21       428
           8       0.00      0.00      0.00       369
           9       0.00      0.00      0.00       434

    accuracy                           0.11      4050
   macro avg       0.04      0.10      0.02      4050
weighted avg       0.04      0.11      0.03      4050
