Test Accuracy: 12.54%, Test Loss: 246.30208649811922
              precision    recall  f1-score   support

           0       0.05      0.13      0.07       455
           1       0.00      0.00      0.00       418
           2       0.14      0.49      0.22       450
           3       0.17      0.09      0.12       371
           4       0.55      0.02      0.03       360
           5       0.00      0.00      0.00       304
           6       0.13      0.26      0.17       403
           7       0.33      0.18      0.24       455
           8       0.40      0.01      0.01       373
           9       0.00      0.00      0.00       461

    accuracy                           0.13      4050
   macro avg       0.18      0.12      0.09      4050
weighted avg       0.17      0.13      0.09      4050
