Test Accuracy: 15.26%, Test Loss: 418.4981182785976
              precision    recall  f1-score   support

           0       0.13      0.85      0.22       441
           1       0.00      0.00      0.00       454
           2       0.18      0.13      0.15       462
           3       0.10      0.06      0.07       373
           4       1.00      0.02      0.04       402
           5       0.00      0.00      0.00       290
           6       0.26      0.36      0.30       350
           7       1.00      0.04      0.08       474
           8       0.20      0.01      0.01       385
           9       0.67      0.00      0.01       419

    accuracy                           0.15      4050
   macro avg       0.35      0.15      0.09      4050
weighted avg       0.37      0.15      0.09      4050
