Test Accuracy: 15.28%, Test Loss: 226.7466007185571
              precision    recall  f1-score   support

           0       0.00      0.00      0.00       455
           1       0.00      0.00      0.00       418
           2       0.11      0.47      0.17       450
           3       0.17      0.01      0.02       371
           4       0.00      0.00      0.00       360
           5       0.00      0.00      0.00       304
           6       0.11      0.01      0.01       403
           7       0.20      0.88      0.32       455
           8       0.00      0.00      0.00       373
           9       0.00      0.00      0.00       461

    accuracy                           0.15      4050
   macro avg       0.06      0.14      0.05      4050
weighted avg       0.06      0.15      0.06      4050
