Test Accuracy: 13.23%, Test Loss: 219.577389556508
              precision    recall  f1-score   support

           0       0.00      0.00      0.00       455
           1       0.00      0.00      0.00       418
           2       0.11      0.66      0.18       450
           3       0.19      0.04      0.06       371
           4       0.00      0.00      0.00       360
           5       0.00      0.00      0.00       304
           6       0.05      0.04      0.05       403
           7       0.23      0.46      0.31       455
           8       0.00      0.00      0.00       373
           9       0.00      0.00      0.00       461

    accuracy                           0.13      4050
   macro avg       0.06      0.12      0.06      4050
weighted avg       0.06      0.13      0.07      4050
