Test Accuracy: 22.24%, Test Loss: 110.84548220214843
              precision    recall  f1-score   support

           0       0.47      0.17      0.25       482
           1       0.77      0.64      0.70       507
           2       0.20      0.07      0.11       499
           3       0.23      0.01      0.01       503
           4       0.75      0.01      0.01       507
           5       0.00      0.00      0.00       498
           6       0.18      0.49      0.27       494
           7       0.00      0.00      0.00       493
           8       0.14      0.83      0.25       505
           9       0.00      0.00      0.00       512

    accuracy                           0.22      5000
   macro avg       0.28      0.22      0.16      5000
weighted avg       0.28      0.22      0.16      5000
