Test Accuracy: 25.40%, Test Loss: 3.0412274898529055
              precision    recall  f1-score   support

           0       0.78      0.01      0.03       492
           1       1.00      0.13      0.23       486
           2       0.32      0.47      0.38       516
           3       0.77      0.24      0.36       528
           4       0.29      0.09      0.14       496
           5       0.00      0.00      0.00       510
           6       0.20      0.69      0.31       476
           7       0.00      0.00      0.00       491
           8       0.20      0.93      0.34       495
           9       1.00      0.00      0.00       510

    accuracy                           0.25      5000
   macro avg       0.46      0.26      0.18      5000
weighted avg       0.46      0.25      0.18      5000
