Test Accuracy: 24.08%, Test Loss: 75.23337049560547
              precision    recall  f1-score   support

           0       0.16      0.16      0.16       519
           1       0.98      0.30      0.46       513
           2       0.20      0.24      0.22       505
           3       0.96      0.09      0.16       488
           4       0.78      0.04      0.08       475
           5       0.00      0.00      0.00       507
           6       0.23      0.56      0.32       508
           7       0.00      0.00      0.00       466
           8       0.18      0.81      0.29       507
           9       0.97      0.17      0.29       512

    accuracy                           0.24      5000
   macro avg       0.44      0.24      0.20      5000
weighted avg       0.44      0.24      0.20      5000
