Test Accuracy: 24.82%, Test Loss: 74.24852150268555
              precision    recall  f1-score   support

           0       0.16      0.16      0.16       519
           1       0.96      0.30      0.46       513
           2       0.25      0.33      0.28       505
           3       0.90      0.06      0.11       488
           4       0.73      0.05      0.09       475
           5       0.00      0.00      0.00       507
           6       0.26      0.53      0.35       508
           7       0.00      0.00      0.00       466
           8       0.17      0.84      0.29       507
           9       0.96      0.17      0.29       512

    accuracy                           0.25      5000
   macro avg       0.44      0.24      0.20      5000
weighted avg       0.44      0.25      0.21      5000
