Test Accuracy: 29.06%, Test Loss: 28.5352846496582
              precision    recall  f1-score   support

           0       0.41      0.35      0.38       518
           1       0.89      0.48      0.62       477
           2       0.21      0.28      0.24       493
           3       0.42      0.31      0.35       520
           4       0.38      0.03      0.05       508
           5       0.61      0.06      0.11       496
           6       0.19      0.59      0.28       508
           7       0.00      0.00      0.00       470
           8       0.25      0.78      0.38       494
           9       1.00      0.03      0.07       516

    accuracy                           0.29      5000
   macro avg       0.44      0.29      0.25      5000
weighted avg       0.44      0.29      0.25      5000
