Test Accuracy: 40.60%, Test Loss: 36.32046539306641
              precision    recall  f1-score   support

           0       0.38      0.42      0.40       503
           1       0.99      0.33      0.50       510
           2       0.38      0.48      0.43       515
           3       0.46      0.42      0.44       490
           4       0.54      0.19      0.29       470
           5       0.65      0.10      0.18       517
           6       0.18      0.51      0.27       492
           7       0.65      0.03      0.07       495
           8       0.37      0.81      0.51       508
           9       0.93      0.75      0.83       500

    accuracy                           0.41      5000
   macro avg       0.55      0.40      0.39      5000
weighted avg       0.56      0.41      0.39      5000
