Test Accuracy: 63.60%, Test Loss: 7.320482957458496
              precision    recall  f1-score   support

           0       0.66      0.78      0.71       518
           1       0.99      0.89      0.93       477
           2       0.47      0.59      0.52       493
           3       0.68      0.82      0.74       520
           4       0.66      0.05      0.09       508
           5       0.98      0.55      0.71       496
           6       0.34      0.43      0.38       508
           7       0.66      0.57      0.61       470
           8       0.49      0.96      0.65       494
           9       0.96      0.74      0.84       516

    accuracy                           0.64      5000
   macro avg       0.69      0.64      0.62      5000
weighted avg       0.69      0.64      0.62      5000
