Test Accuracy: 49.44%, Test Loss: 25.74471015625
              precision    recall  f1-score   support

           0       0.44      0.51      0.47       503
           1       0.99      0.60      0.75       510
           2       0.43      0.50      0.46       515
           3       0.56      0.47      0.51       490
           4       0.55      0.27      0.36       470
           5       0.73      0.24      0.36       517
           6       0.22      0.53      0.31       492
           7       0.78      0.13      0.22       495
           8       0.43      0.85      0.57       508
           9       0.90      0.83      0.86       500

    accuracy                           0.49      5000
   macro avg       0.60      0.49      0.49      5000
weighted avg       0.61      0.49      0.49      5000
