Test Accuracy: 10.59%, Test Loss: 668.1689294584298
              precision    recall  f1-score   support

           0       0.00      0.00      0.00       444
           1       0.00      0.00      0.00       461
           2       0.00      0.00      0.00       495
           3       0.00      0.00      0.00       366
           4       0.50      0.00      0.01       387
           5       0.00      0.00      0.00       290
           6       0.00      0.00      0.00       376
           7       0.11      1.00      0.19       428
           8       0.00      0.00      0.00       369
           9       0.00      0.00      0.00       434

    accuracy                           0.11      4050
   macro avg       0.06      0.10      0.02      4050
weighted avg       0.06      0.11      0.02      4050
