Test Accuracy: 32.98%, Test Loss: 2.0827959270477296
              precision    recall  f1-score   support

           0       0.63      0.12      0.20       469
           1       0.96      0.62      0.75       515
           2       0.51      0.20      0.29       524
           3       0.19      0.88      0.31       491
           4       0.44      0.11      0.17       486
           5       1.00      0.01      0.03       518
           6       0.23      0.52      0.32       503
           7       0.85      0.03      0.07       494
           8       0.45      0.62      0.52       509
           9       0.97      0.17      0.29       491

    accuracy                           0.33      5000
   macro avg       0.62      0.33      0.29      5000
weighted avg       0.62      0.33      0.30      5000
