Test Accuracy: 11.78%, Test Loss: 349.27949346848476
              precision    recall  f1-score   support

           0       0.04      0.12      0.06       441
           1       0.00      0.00      0.00       454
           2       0.14      0.47      0.21       462
           3       0.12      0.08      0.09       373
           4       1.00      0.02      0.04       402
           5       0.00      0.00      0.00       290
           6       0.12      0.23      0.16       350
           7       0.36      0.19      0.25       474
           8       0.00      0.00      0.00       385
           9       0.00      0.00      0.00       419

    accuracy                           0.12      4050
   macro avg       0.18      0.11      0.08      4050
weighted avg       0.18      0.12      0.09      4050
