Test Accuracy: 15.48%, Test Loss: 351.3686846396364
              precision    recall  f1-score   support

           0       0.00      0.00      0.00       441
           1       0.00      0.00      0.00       454
           2       0.11      0.40      0.17       462
           3       0.33      0.01      0.02       373
           4       1.00      0.00      0.00       402
           5       0.00      0.00      0.00       290
           6       0.00      0.00      0.00       350
           7       0.19      0.92      0.31       474
           8       0.00      0.00      0.00       385
           9       0.00      0.00      0.00       419

    accuracy                           0.15      4050
   macro avg       0.16      0.13      0.05      4050
weighted avg       0.16      0.15      0.06      4050
