Test Accuracy: 18.30%, Test Loss: 2.80325661279132
              precision    recall  f1-score   support

           0       0.28      0.31      0.29       203
           1       0.50      0.05      0.09       191
           2       0.78      0.10      0.18       173
           3       0.25      0.02      0.04       204
           4       1.00      0.01      0.03       200
           5       0.54      0.24      0.33       191
           6       0.50      0.01      0.02       204
           7       0.00      0.00      0.00       196
           8       0.12      0.93      0.21       195
           9       0.46      0.16      0.24       205

    accuracy                           0.18      1962
   macro avg       0.44      0.18      0.14      1962
weighted avg       0.44      0.18      0.14      1962
