Test Accuracy: 22.88%, Test Loss: 2.8851473460260637
              precision    recall  f1-score   support

           0       0.32      0.33      0.32       203
           1       0.57      0.02      0.04       191
           2       0.69      0.32      0.44       173
           3       0.27      0.01      0.03       204
           4       1.00      0.02      0.04       200
           5       0.72      0.12      0.21       191
           6       0.70      0.03      0.07       204
           7       0.80      0.02      0.04       196
           8       0.12      0.90      0.22       195
           9       0.53      0.52      0.53       205

    accuracy                           0.23      1962
   macro avg       0.57      0.23      0.19      1962
weighted avg       0.57      0.23      0.19      1962
