Test Accuracy: 16.21%, Test Loss: 2.8201459273164304
              precision    recall  f1-score   support

           0       0.24      0.16      0.19       203
           1       0.39      0.06      0.10       191
           2       1.00      0.02      0.03       173
           3       0.25      0.04      0.07       204
           4       1.00      0.01      0.02       200
           5       0.39      0.35      0.37       191
           6       0.00      0.00      0.00       204
           7       0.00      0.00      0.00       196
           8       0.12      0.94      0.21       195
           9       0.41      0.05      0.09       205

    accuracy                           0.16      1962
   macro avg       0.38      0.16      0.11      1962
weighted avg       0.37      0.16      0.11      1962
