Test Accuracy: 24.72%, Test Loss: 3.0348965008567474
              precision    recall  f1-score   support

           0       0.49      0.22      0.30       203
           1       0.50      0.01      0.02       191
           2       0.41      0.54      0.47       173
           3       0.21      0.01      0.03       204
           4       1.00      0.01      0.03       200
           5       0.77      0.05      0.10       191
           6       0.64      0.04      0.08       204
           7       0.46      0.03      0.06       196
           8       0.13      0.85      0.23       195
           9       0.42      0.73      0.53       205

    accuracy                           0.25      1962
   macro avg       0.50      0.25      0.18      1962
weighted avg       0.51      0.25      0.18      1962
